# 19 parametros optimizados (DIP variable, polinomio cuadratico)
5.082855243768231307e-02
6.293668628916648800e-02
4.663798140402987402e-02
6.740249217354873923e-02
1.088637190566290325e-01
8.421580858046669171e-02
5.341004140407516060e-02
1.091936761094952218e-01
6.978161020032788708e-02
6.658662090879609308e-02
5.449356167582917326e-02
5.679130556036468547e-02
1.142278108526393644e-02
1.319430095679027026e+00
5.107270423893426337e-01
2.031041013212155424e-02
-1.215579656262619603e-03
2.934831777999038493e+00
-1.379990012673766531e+00
